10
1 1 1.00000000
2 1 1.00000000
3 1 1.50000000
4 1 1.50000000
5 1 0.50000000
6 1 0.50000000
7 1 0.50000000
8 1 0.50000000
9 1 1.00000000
10 1 0.50000000
2 2 1.00000000
3 2 1.50000000
4 2 1.00000000
5 2 0.50000000
6 2 1.00000000
7 2 1.50000000
8 2 1.50000000
9 2 1.50000000
10 2 0.50000000
3 3 1.00000000
4 3 0.66666667
5 3 0.66666667
6 3 1.00000000
7 3 1.00000000
8 3 0.66666667
9 3 0.33333333
10 3 1.00000000
4 4 1.00000000
5 4 1.00000000
6 4 3.00000000
7 4 1.00000000
8 4 3.00000000
9 4 1.00000000
10 4 2.00000000
5 5 1.00000000
6 5 1.00000000
7 5 1.00000000
8 5 0.66666667
9 5 0.66666667
10 5 0.66666667
6 6 1.00000000
7 6 0.50000000
8 6 1.50000000
9 6 1.00000000
10 6 1.00000000
7 7 1.00000000
8 7 0.50000000
9 7 1.50000000
10 7 1.50000000
8 8 1.00000000
9 8 0.33333333
10 8 0.33333333
9 9 1.00000000
10 9 1.50000000
10 10 1.00000000
