10
1 1 4.00000000
1 2 4.00000000
1 3 6.00000000
1 4 6.00000000
1 5 2.00000000
1 6 2.00000000
1 7 2.00000000
1 8 2.00000000
1 9 4.00000000
1 10 2.00000000
2 2 4.00000000
2 3 6.00000000
2 4 4.00000000
2 5 2.00000000
2 6 4.00000000
2 7 6.00000000
2 8 6.00000000
2 9 6.00000000
2 10 2.00000000
3 3 9.00000000
3 4 6.00000000
3 5 6.00000000
3 6 9.00000000
3 7 9.00000000
3 8 6.00000000
3 9 3.00000000
3 10 9.00000000
4 4 1.00000000
4 5 1.00000000
4 6 3.00000000
4 7 1.00000000
4 8 3.00000000
4 9 1.00000000
4 10 2.00000000
5 5 9.00000000
5 6 9.00000000
5 7 9.00000000
5 8 6.00000000
5 9 6.00000000
5 10 6.00000000
6 6 4.00000000
6 7 2.00000000
6 8 6.00000000
6 9 4.00000000
6 10 4.00000000
7 7 4.00000000
7 8 2.00000000
7 9 6.00000000
7 10 6.00000000
8 8 9.00000000
8 9 3.00000000
8 10 3.00000000
9 9 4.00000000
9 10 6.00000000
10 10 4.00000000
